scens <- c("current", "maxwell", "ideal")
mus <- c(0, 0.2, 0.5)
n.specs <- c(25, 0, 1750)
reps <- 1e+05
res.est <- structure(c(0.234, 0.213, 0, 0.533, 0.526, 0.2, 0.734, 0.733, 
                       0.5, 0.027, 0.02, 0, 0.28, 0.275, 0.2, 0.636, 0.634, 0.5, 0.009, 
                       0, 0, 0.207, 0.2, 0.2, 0.504, 0.5, 0.5), .Dim = c(3L, 3L, 3L), .Dimnames = list(
                         c("current", "maxwell", "ideal"), c("0", "0.2", "0.5"), c("25", 
                                                                                   "0", "1750")))
res.est.sd <- structure(c(0.082, 0.083, 0.06, 0.063, 0.064, 0.06, 0.042, 0.042, 
                          0.06, 0.05, 0.049, 0.054, 0.116, 0.113, 0.054, 0.11, 0.11, 0.054, 
                          0.033, 0.034, 0.034, 0.033, 0.034, 0.034, 0.033, 0.034, 0.034),
                        .Dim = c(3L, 3L, 3L), .Dimnames = list(c("current", "maxwell", 
                                                                 "ideal"), c("0", "0.2", "0.5"), c("25", "0", "1750")))
res.ni <- structure(c(7122.563, 7456.878, 550, 3497.559, 3670.635, 550, 
                      1159.828, 1215.554, 550, 3439.528, 3748.378, 934.526, 2989.546, 
                      3141.849, 933.248, 1675.988, 1728.021, 931.053, 1750, 1750, 1750, 
                      1750, 1750, 1750, 1750, 1750, 1750), .Dim = c(3L, 3L, 3L), .Dimnames = list(
                        c("current", "maxwell", "ideal"), c("0", "0.2", "0.5"), c("25", 
                                                                                  "0", "1750")))
res.ni.sd <- structure(c(1495.112, 1528.893, 0, 704.825, 722.527, 0, 187.634, 
                         192.115, 0, 1533.975, 1570.911, 644.37, 914.897, 937.427, 643.412, 
                         623.305, 620.267, 642.732, 0, 0, 0, 0, 0, 0, 0, 0, 0), .Dim = c(3L, 
                                                                                         3L, 3L), .Dimnames = list(c("current", "maxwell", "ideal"), c("0", 
                                                                                                                                                       "0.2", "0.5"), c("25", "0", "1750")))
res.h1 <- structure(c(0.921, 0.871, 0.024, 1, 1, 0.912, 1, 1, 1, 0.138, 
                      0.11, 0.024, 1, 1, 0.937, 1, 1, 1, 0.045, 0.025, 0.024, 1, 1, 
                      1, 1, 1, 1), .Dim = c(3L, 3L, 3L), .Dimnames = list(c("current", 
                                                                            "maxwell", "ideal"), c("0", "0.2", "0.5"), c("25", "0", "1750"
                                                                            )))
res.ub <- structure(c(0.998, 0.995, 0.491, 1, 1, 1, 1, 1, 1, 0.253, 0.209, 
                      0.379, 1, 1, 1, 1, 1, 1, 0.143, 0.094, 0.093, 1, 1, 1, 1, 1, 
                      1), .Dim = c(3L, 3L, 3L), .Dimnames = list(c("current", "maxwell", 
                                                                   "ideal"), c("0", "0.2", "0.5"), c("25", "0", "1750")))
