scens <-
c("current", "maxwell", "ideal")
mus <-
c(0, 0.2, 0.5)
n.specs <-
c(25, 0, 1750)
reps <-
10000
res.est <-
structure(c(0.299, 0.285, 0, 0.525, 0.52, 0.2, 0.687, 0.686, 
0.501, 0.042, 0.026, 0, 0.313, 0.254, 0.2, 0.622, 0.571, 0.501, 
0.008, 0, 0, 0.206, 0.2, 0.2, 0.502, 0.5, 0.5), .Dim = c(3L, 
3L, 3L), .Dimnames = list(c("current", "maxwell", "ideal"), c("0", 
"0.2", "0.5"), c("25", "0", "1750")))
res.est.sd <-
structure(c(0.076, 0.043, 0.06, 0.052, 0.03, 0.06, 0.042, 0.023, 
0.061, 0.074, 0.04, 0.055, 0.135, 0.056, 0.054, 0.089, 0.066, 
0.053, 0.033, 0.034, 0.034, 0.033, 0.034, 0.034, 0.033, 0.034, 
0.034), .Dim = c(3L, 3L, 3L), .Dimnames = list(c("current", "maxwell", 
"ideal"), c("0", "0.2", "0.5"), c("25", "0", "1750")))
res.ni <-
structure(c(10805.195, 35874.86, 1100, 4868.33, 16211.4, 1100, 
1839.42, 6123.45, 1100, 6548.385, 7429.215, 1885.915, 5174.765, 
7085.72, 1877.34, 2812.49, 5778.93, 1875.43, 3500, 3500, 3500, 
3500, 3500, 3500, 3500, 3500, 3500), .Dim = c(3L, 3L, 3L), .Dimnames = list(
    c("current", "maxwell", "ideal"), c("0", "0.2", "0.5"), c("25", 
    "0", "1750")))
res.ni.sd <-
structure(c(2237.513, 4018.421, 0, 937.138, 1717.054, 0, 263.802, 
477.382, 0, 2571.406, 3514.21, 1300.856, 1324.43, 3195.227, 1297.353, 
1301.02, 1512.941, 1293.077, 0, 0, 0, 0, 0, 0, 0, 0, 0), .Dim = c(3L, 
3L, 3L), .Dimnames = list(c("current", "maxwell", "ideal"), c("0", 
"0.2", "0.5"), c("25", "0", "1750")))
res.h1 <-
structure(c(0.994, 1, 0.05, 1, 1, 0.956, 1, 1, 1, 0.282, 0.252, 
0.056, 1, 1, 0.965, 1, 1, 1, 0.08, 0.052, 0.054, 1, 1, 1, 1, 
1, 1), .Dim = c(3L, 3L, 3L), .Dimnames = list(c("current", "maxwell", 
"ideal"), c("0", "0.2", "0.5"), c("25", "0", "1750")))
res.ub <-
structure(c(1, 1, 0.49, 1, 1, 1, 1, 1, 1, 0.329, 0.287, 0.378, 
1, 1, 1, 1, 1, 1, 0.139, 0.097, 0.094, 1, 1, 1, 1, 1, 1), .Dim = c(3L, 
3L, 3L), .Dimnames = list(c("current", "maxwell", "ideal"), c("0", 
"0.2", "0.5"), c("25", "0", "1750")))
